YEAR,AREA Code,AREA,Population
2018,1000,Hokkaido,5286000.0
2018,2000,Aomori-ken,1263000.0
2018,3000,Iwate-ken,1241000.0
2018,4000,Miyagi-ken,2316000.0
2018,5000,Akita-ken,981000.0
2018,6000,Yamagata-ken,1090000.0
2018,7000,Fukushima-ken,1864000.0
2018,8000,Ibaraki-ken,2877000.0
2018,9000,Tochigi-ken,1946000.0
2018,10000,Gumma-ken,1952000.0
2018,11000,Saitama-ken,7330000.0
2018,12000,Chiba-ken,6255000.0
2018,13000,Tokyo-to,13822000.0
2018,14000,Kanagawa-ken,9177000.0
2018,15000,Niigata-ken,2246000.0
2018,16000,Toyama-ken,1050000.0
2018,17000,Ishikawa-ken,1143000.0
2018,18000,Fukui-ken,774000.0
2018,19000,Yamanashi-ken,817000.0
2018,20000,Nagano-ken,2063000.0
2018,21000,Gifu-ken,1997000.0
2018,22000,Shizuoka-ken,3659000.0
2018,23000,Aichi-ken,7537000.0
2018,24000,Mie-ken,1791000.0
2018,25000,Shiga-ken,1412000.0
2018,26000,Kyoto-fu,2591000.0
2018,27000,Osaka-fu,8813000.0
2018,28000,Hyogo-ken,5484000.0
2018,29000,Nara-ken,1339000.0
2018,30000,Wakayama-ken,935000.0
2018,31000,Tottori-ken,560000.0
2018,32000,Shimane-ken,680000.0
2018,33000,Okayama-ken,1898000.0
2018,34000,Hiroshima-ken,2817000.0
2018,35000,Yamaguchi-ken,1370000.0
2018,36000,Tokushima-ken,736000.0
2018,37000,Kagawa-ken,962000.0
2018,38000,Ehime-ken,1352000.0
2018,39000,Kochi-ken,706000.0
2018,40000,Fukuoka-ken,5107000.0
2018,41000,Saga-ken,819000.0
2018,42000,Nagasaki-ken,1341000.0
2018,43000,Kumamoto-ken,1757000.0
2018,44000,Oita-ken,1144000.0
2018,45000,Miyazaki-ken,1081000.0
2018,46000,Kagoshima-ken,1614000.0
2018,47000,Okinawa-ken,1448000.0
